287,397,402,294,287,283,327,333,##::HINDI
401,485,490,410,283,279,322,326,##::HINDI
489,541,547,497,279,276,330,329,##::HINDI
546,617,620,552,277,274,317,324,##::HINDI
335,454,459,341,335,330,375,378,##::HINDI
461,512,516,466,331,326,371,372,##::HINDI
518,598,602,521,328,323,364,371,##::HINDI
293,421,423,299,387,384,429,434,##::HINDI
427,466,474,429,381,380,424,427,##::HINDI
474,556,563,485,382,379,422,425,##::HINDI
560,604,611,571,379,376,418,421,##::HINDI
617,635,638,623,382,380,418,420,##::HINDI
